water
8.840463429
6.914993143
16.60724743
15.95810571
10.6540128
11.54356457
24.85422514
15.342192
7.382931429
9.882189257
9.290316343
6.611569714
5.208340114
6.917541943
14.11128
20.72106514
17.84431543
17.43015086
12.51553371
10.99088229
6.222116571
10.619964
15.21256629
15.64909646
10.90085657
11.85729432
18.89115611
28.67533714
35.83198286
40.42985143
65.69778043
45.39188831
53.51772036
48.31821099
17.2611
12.36460141
9.005657143
17.8298984
26.56916743
30.05938286
32.44018286
44.74175165
77.91198258
35.14318427
50.435172
37.64876914
14.37074743
11.28640629
10.07976343
9.774969195
19.62327257
32.15401714
30.319992
43.49094452
74.95200586
78.1368269
60.75531534
40.71527486
18.55062476
15.09283652
10.09469455
10.64926971
27.90142641
24.48222857
40.99608
59.6925
51.36553279
17.14591543
48.83243565
107.7442394
46.36594048
27.61255418